77T 7 03 14T 079 0 08 047T 05 047 75 047 747 03 93 7E 048 335 849 259 239 E469 0T T37 048 639 4 E 48 7 0 7 047 84T 73 03 77E 0 4 0 0478 938 247 058 35 01 07 98 08 2
026 038 135 3 07 4 79 0457 08T T 04 08E 058 023T 036 3 067 057 03 T259 9 09 4 937 7 02357 84 547T 3 29 039 0478 4T 039 3259 95T 758 04 059 7 0 3 08T 1 T37T 7 046T 7 26 34
037 049 038 0 7 T5 9 2 0 0379 9 E 08 438 07 2 58 8 9 2 04 0 628 2 03 3 1 025E 05 2 547T 037 E1 0269 438 04 939 07 4 0478 049 53 48 037 027 849 046T T4 03 047
34 048 237 73 3269 09 09 047 059 057 0369 0268 045 8 T 4368 0 07 236 9 04T 04 2 9 35 75 05 73 938 3 149 0 0 9368 2T 5 768 047E 027 54T 8 847 0 235 T47 73 537E 6 43 268
T359 047 0 T9 247 0 T235 0247 63 047T 4 047T 5 0257 39 T59 T23 T359 24 E9 06 27 069 0 059 T7 04 79 05 614 0 7 717 07 759 938 04 147 03 0147 E 3 09 35 0357 2 63 057 079 047T
14E 849 059 939 T9 547 137 0457 45 99 257 03 14 2 02 359 0 53 T49 07 25 01367 03T 025 93T 1247 84 049 458 04 0479E 0 0279 145 978 06 047 02 07T 1 428 T47 08 T 43T E3 57 049 137 04
87 04 047 039 07 04 3 01 E 035 079 79 T235 09 0 438 0358 2 047T 547 8 75 0 038T 09 06T 5 43T 05T 08 537 8 T 9 37 07T 045 337 5 T25 138 4378 07 069 54 047 049E 058 03T 0579
E 059 8 0 038 E4T 4 E 047 03 035 T26 8 349 7 0257E 53 39 9 013 45 059 0 537 98 847 77 938 7359 049 E 068 07 89 0 1 06 7 07 T47 97 E37T 5457 84 T37 938 079 9 9 T59
T25T T58 537 09 1 4258E 047T 0 7 3459 928 T2E 2 78 049E 078 0T 84 049 0 537 2 07 07 058E T379 43 047 759 4 1T T3 0 84 079 0479 069 54 078 547T 8 026 54T 4 06 99 0 81 T4E 05
39 07 27 3356 08 0E 07T 9 T78 43 359 1 938 T4 0 057 02T 3 538 035 09 047 9 038 96 047 3369 5 025 7 646T 4 0T 04T T2 0T 0 969 12 057E 057 9 749 57 E 069 047T 07 935 32
T58 758 5E 058 8 84 0258E T E 0 847 0TE 06 037 2 48 3 07 54 75 34 0 E368 235 07T 046 2 4258E E 86 247 047 5258 04 03 07T 55 57 939 97 E145E 038 8 0 4 5 047T 2 059 047
36 04 326 07 0E 037 027T 047 39 046 0 0579 03 52 E169 759 04 02T 056 5 0 05 2 3 024T 7359 06 5 8 0T E1T 03E 78 48 T269 4 059 4 5 038 03 047T 0 23T 07 059 216T 02 17 027
7T E2 0368 2359 547 0247T 027 48 04T 27T T 08 06 2 06 T 829 07T 7 547 04E 3 058 35 93 347 04 047 06 7 E 039 33 2 0T 059 557T 247 2 359 07 0 75 335 038 135T 636 1 047 739
0 047T 057 T47 T47 08 237 0 0 057 07T 138 E38 729 09 0T 847 77 535 0 89 0579 2 079 0269 018 47 01T TT 04 659 9 8 77T T 0 E 047T 1 79 T257 03689 E 04 04 84 3 335 0249 038
9 4 04 98 0 0368 047 04 09 T24 E 44 32 T679 18 438 63 T47T 037 136T 53 04 T39 79 6368 024E 058 07 13E 51 268 047 53 047 0 059 7E 93 047T 725 047 T378 T9 09 9 E 04 68 047 7E
T5 53 E13 T29 39 7T 8 T29 6 0459 025E 5T 057 53 T 537 39 0 T37 9 T26 059 E39 939 T4 058 04 16 2 06 0 5269 047T 01457T 7 149 036 79 2 023 48 37 T 038 E T 03 97 317 0479
T9 14 747 036 04 94 T57E 047 03T 0247 0478 53 758 059 9 T 02E 57 T 54 07T 0467 93 63 047T 05 07 27 64 047T 6 T2 0 T 22 07 0369 0 04 92 047 E38 7 E36 2 4 547 01T 05 04
3 037 2 06 87 03 9 0469 035 559 058 037 0 7 8 438 239 23 9 57 79 1 22 759 0 047T 27T 058 937 04 07T 07 0359 069 T 09 04 07 7 79 7 0368 047 27 2 75 2 87 13 1
27T T47 047 024T 937 047 T2369 86 25 069 0 069 0269E T35 28T 75 E 0 T79 058 046 1357 013 E59 4 5T 0478 25 T59 2359 047T E38 57 0 48 98 25 0689 0249 T23 037 2 147 T69 339 0 E58 7 028 89
E 7 047 04 82 047 T 87 8 369 359 047 047 15 3 028 0457 0259 48 02T 5 T 57T 537 059 2 259 079 038 257T 0359 43 01357 87T 08 0379 0 84 069 045 0459 03 05 0 968 047 01 027T 9 636
