4 0579 E38 07 39 038 01 T 458 E1 87 0 39 3579 759 T 1 036 07E 5 2368 54 5 238 54 057 04 047 357 0 03 847 735 0158 015T 2 047E 23 01T 27T 49 038 06 0379 78 1 5 6 0T 0
9 0 09 84T 4368 238 23 0269 07 E47 07 037T T49 047 236T 87 05 T59 E1 258 6368 95 6 08T 84 158 T57 5 039 037 0135 09 047 0 E 05 02 1 547T 047 0489 74 E147T 2368 7 07 T 3 059 049
84 0489 E8 047 27 23 047T 067 27 3 75 T25 847 48 069 215 069 04 75 056 3269 047T 84 05 038 1 E8 059 0T T 9 38 T 0 0257 22 947T T 025E 035 84 75 09T 5 09E 02 2T 5 838 537
9 0457 0 E 04 E1 937 047 5 55 079 87T 336 038 84 046 2 13 0T 05 059 5 08 745 359 7 04 0 T47 93 8 75 0369E 8T 047E 0 T 42 84 07 537 0268 T249 037 049 1 747 T 047 028
2 04 09 9 4 87 E369 8 48 T37T 923 047 53 936 57 08 057E 2 1T 09 037 98 7 4 047 0 047 03 6 09 T 39 75 048 07 136 05 759 017T 047 8 058E 98 06 54 0 0 6 039 058
55 0 0256E 024E 54 4369 2 214T 037 T5 3 669 4 07 23T E E 037E 07E E18 T6 036T 54 03 058 0 545 0479 04 029T 5 2 99 747 26 93 T 239 547 7 0369 04 T23 059 038 938 T2T 07 0357E 32
136 53 13 058 8 0 08 238 T 93 2 059 05 047 04 2 547 5 1 057 54 21 057 636 05 03 646T 93 01269 047 038 0269 0 03T 93T 037 25 04T E8 047 03 3 75 57 4 2 87 04T 527T 6
037 049 5 98 05 2247 73 0249 75 047 047T 1 E58 038T 04 747 058 4257 0 2 E38 9 4 757 6 539 5 37T 03 35 03 02457 08 0 047 0 059 E38 E 0E 458 035 19 0267 07 04 047 57 038 93
047 0478 9138 T6 04 4 09 4 147 057 0 E 03T 2 0359 3259 87 04 3 938 06 79 547 937 09 8 048 0 7T 93 0 02 E18 936 0378 0 09 T E 047T 28T 53 126 038 35 4 2359 047E 047 3
73 339 03 1 045 02 02469 37T 258 03 57 0 5 1 48 07T 93 0378 049 T E38 936 04 99 0359 349 02 037 238 52 41 04 E 93 07T 058 73 88E 6T 13 5 78 0249 79 T2 0679 238 93 047 739
05 0 7 25 026 7 14 5 049T 0 0 03 025 2 937 759 75 E15E 43 03 E39 36 6368 147 E369 6 E3T 45 038 547 72 05T 54 3279T T9T T 547 02 03 037 87T 049 0459 937 046 T7 047 07 T 239
537T 2 45T 06 43 078 0459 0 847 9 08 39 0 027 05E 5 5 57T 3 45 047 1 23 52 438 7 E 07 9 326 03 74 0 03 15 025T 75 89E 369 937 0 3 25 849 TT 0358 T2 09 T4T 745
1 28 047 22 43 39 0257 03 0247 1 09 0379 5 55 03 E 63 5 0457T T7 04 04 059 05 07 5 E 1 87 02579 147 939 08 047 129 738 147 03 038 6 T7 0E E 73 057 8457 04 09 3 E
9 28 349 04T 015 37 03 0389 8 T3 E26 T37 4 01 56 89 038 84 7 74 43 93 047T 0237 038 7 04 0237 759 738 438 739 235T 0579 049 0 0479 4 8 09 038T 047 5258E T257 279 0 54 0 8 0
058 036 28 037 038 0 9 0 05 4 08 03 0 0E 3 5 0 849 07 047 2 3 99 668 7 3 0 735 335 5 03 T4 E3E T 2 48 9 07 028 27 0 39 9 48 0E 09 0378 04T 9 54
24 1 026 77 037 55 547 025 02 07E 047T 129 0 E8 037 3 125E 739 03568 04 07 04 74 1 0 5 8 179 149 0368 08E 015 5247T 047 024E 04 03 39 3 14 T5T 059 137 049 T 1 07T E49 047 83
147 53 018 579 0259 7 0T T67 027 047T 047 07 T3 9 047 07 8 847 09 48 047T E 07 2457 346 57T 027 7 0 027 8 02E 1 E368 48 04 E158 0245T 07T 238 02E 047 0 2 047 7 57T 55 0 0
33 T237 047T 48 0 045 04T 04 13 849 547 93 39 09 04 259 045T 75 62E 4 3 7E 47 3 525 039 T9 047 0 54 0 047 1 237T 0179 E 349 0 34 23 87 0 0 936 07T 03 02 0 07 T6
06 047 E38 038T E369 758 9369E 2 07T 2 8 359 036T 069 54 1 14 44 04 T25T 0E 045 02 3 0 2 E58 0489 35 028 8247 058 0 04T 04 9 037 31 08T 047 9 02 547 T4 T49 2258T 337 039 025E 08
023 5T E8 E 2 04T 079T 4 2 0 E 147 07 04 E8 T 48 0 08 036 1 9 07 0369 0 TE 07 237 0358 0 158 545 T4 E35 047 93 549E E 0289 T 3 0 3 97 916T E 047 4 T T69
