047 T69 0269 069 0369 01369 147 04 E368 147 04 0 7 T 74
037 258 08 89 757 047 438 036 T58 037 03 0
08 059E 057E 07E 0579 07E 939 03T 038 T369 039 18 8 537 047 0467
03 936 0368 03468 0368 0568
09 04 04T 0T 09 T79 0379 96 336 036T 0368 87T 547 0 0147T 028E 027E 438 847 04 4 T2 48T 82 6368 6 74 48 93E T15 T47 026 047 0479 047 047T 237 349 457 537 39 0 547
047 04T 46 06T 0T 04T 0 9 347T 0479T 049 07 ET 19 069 06 09 049T 047T 07T 07 037 T479 E58T 3257 E168 T38T 2368 1237 0 5
0 55 0257 025 T47 E58 E69 0369
049 ET 09 039 03E 03 T3 T4 77T 078T 057T 525 04
07 7 T47 0 849 9 8 438 847 2 T 2 536 037 036 0368 068 038 469 089 179 7 537 236 05 035 0359 T37 07 08 058 038 14 0 04T 047 04 458 E69 E38 0358 038 038T 037 T25E 03E 03 T5 23 14 24 0 1 02 3 5 4 0T 059 047 05 T25 T269 E38 847
04 T37 03 0358 0378 038 E48 046 036 06 0 T 737 4 1 4 8
