T 74 04T 07T 5 75 T </s> 4 </s> 037 349 259 </s> 03T 236 147 </s> 037 03 036 </s> 0 0259 436 E69 T369 258 </s> 0 547T </s> 03 239T 238 23 T34 04 759 07T 0 038 039 369 </s> 07T 047T 73 936 0
537T 0379 037 758 53 847 438 0 4 137 78 26 0 T38 836 08 047T 07T 047 0457 057 045 739 03 0 E1 E1 E1 E1 09 02 2 T38 03 3 </s> 1479 049 937 34 23 </s> 0 8369 47 537 349 98 </s> 438
047T 04 0 047 53 05 07 0 047 54 759 </s> 035 324 935 238 149 E16T T28 T4T 46 88 0 T4 0 02 4 8 2 58 847 047T 047 T49 </s> 02T 2 4368 147 047E 0247E 057E 07E 07 7 TT 28 26 15 2
T E T2 77 75 5 7359 0359T 54 0 2 7369 039 T37 36 15 E8 06 09 54 0 07T 547 04 049 45 89 E14 T36 E38 T3T T4 E3 78 06 E36 T3 </s> 0E 047T 2358 </s> E15T 149 838 </s> 36 069 814T </s>
05 047T T69 E7 047 059 238 127 E138 115T 149 47 08 E39 138 T25T T47 07 34 44 047 0257 047 9 39 72 0 04 04T 468 147 E58 147 7 4 847 T2 95 826 249T 047T 049T 049 E 1 1E 29 059 05 057
958 3259 54 049 04 024 T6 24 0 </s> <s> 0 T E T T 2 1 5479 049 04 05 0 02 2 2 T37 E38 T3T T4 05 57 527 E38 8 02 0E </s> </s> </s> 7 7 3 T59 0259 07 4 5 4 T
3 05 7T 468 3359 </s> 059 938 39 549 04E 0E 09 </s> 03 035T T47E 07E 6 6 2 2T 46 84T 0 </s> 0 336 59 029 09 059 047E 047 037 T29 959 9 </s> 03689 0368T </s> 9 3 E 05 059 547 07 7T
047 79 73 936 939 36 93T 035T 0359 037T 04T 4 84T </s> 37E 74 75 07 02 024 04 T4 549 0479 435 32 9359 2369 T49 E58 T7T 238 2368 1257E 2359 039 814 13 037 027 04T 047T 4368 9369E E47T 547 747 0 936 84T
24 06 6E 247 045 5 04 28 84 2359 238 039 367 939 6369 336 336 847T 047 0347 5 2 2 57 0 1 2 57 7 05 5 04 057 48 84 48 8 </s> 1 9 </s> </s> T359 326 6 06 03 34 049 04
57 43 0 2 1 1 04 4 39 99 03 25 547 79 05 048 137 038 08T 078 037 T37T 037 025E 027E 0278E 02578E </s> E T 258T 2368 147 04E 024 04 4 93 937 03 847 43 3 74 438 </s> 5 04 047 059
0279 24 08 038 8 4 859 547 2359 039 036 3 </s> 037 758 08 TT 0 </s> </s> 79 </s> 0T T9 T29 E8 018 35T 059 0589 047T 2258 236 147 07 7 E 65 0359 55T 047T 0479T 0479 049 247 48 E 1 E1 1
0457 4T 0 07T 3479 729 524 729 T4E 049 079 0235 035 09 9 6 </s> 4 88 99 079 39 4 05 058 </s> 049 04T 0T T 2 91 1 547 759 </s> T4 7T 28 17 06 07 06 069 039 035 5 02 3E 57
0 E38 T57T T79 247 T46 04 22 3 4E 83 4 84 937 8479 137 </s> 259 0258E 047 </s> 0 7 </s> 0T T69 0269 6356 035 32 95 39 4 758 535 0345 9368 0689 158 057T 07T 058 5 6469 036 039 059 09 059 047
147 E35T 035 059 037 0378 758 53 847 43 359 237 </s> 057 047 7 93 T 9 23T 3 2 1 4 1 4 7 </s> 759 079 2578 08 028 018 0 047E 547 </s> 45 75T 329 02 03 03T 3379 </s> 0 57 0 047
</s> 7 E19 039 </s> <s> 047 059 52T 037T 0379T 039 0369 0369T 0369 336 9369 039 547T 0247T 047T 07T 047 43 </s> 79 54 </s> 058 849 437 126 24 958 3368 847T 0 229 28 T9 T2E 29 28 T9 45 5 04 22T 247 T69
59 725 23T 347 047T </s> 8 4 2 8 468 038 0 025 045 04 07 0 059 5T 08 068 078 07 75 849 </s> 329 439 039T 0T 4 849 0247T 4368 038 049 88 059 05E 14T E4E 049 E45 047 43 05 03 036 0135
35 5 4 4 E T 23 54T 0T 024T 027T 08 357T 047T 07T 54 0 747 04 04T 46 </s> 07 067 0467 047 04 </s> 0 059 09 049 04 48 058 057T 0 07 09 258 53 7 </s> <s> 04 04T 045T T67 069 63
059 059E 059 0 638 0 747 0 5 48 37 047 24 T4 </s> 09 93 14 759 547 759 0 04T 057T 547 7 3 E </s> 636 6 757 2359 0 96 336 339 0369 0469 4 1 9 E1 1 2 1 2 T E T
6 </s> T3 3 05 32 93 3 735 32 0 04 0 937 5 2 647 04 02 E1 1 </s> 8 4 5 725 0259 059 047 025 023 025 59 0E 0 07 48 3 48 T9 458 147 07 0E 09E 4347T 789 08 36 97
137 03 036 336 98 </s> 07T 4356 036 66 6 27 047 0457 049 0249 049E 04E E5 14 E15 T3 09T 0 </s> </s> 04 05 057 5 07 079 0 54 48 0 E38 347 059 039 25T 0 02 2 1 1 349 09 0 1
