136E E147 017 07 0T 07T 069 027 757 037 07 03 8 E 137 0237 039 038 147 </s> 225T 0T 57 047 059 547 759 T E 4 738 7158 147 438 3 </s> 047 07T T9 9 3 ET T 5 39 72 04 047 069 07T
0349 9 1 48 89 EE 0T T7 TT 03T 03 037 7 57 89 45 5 39 93 T4 E3 124 02 0 24T 047T 047 025 027 04 047 43 T35 T47 747 93 </s> 7E 0 13 035 037 7 89 0 04 04T 547 225T 059
0 T 9 </s> 04 T29 0 4 08 E8 359 938 036 038 969 24 </s> 048 8 4368 038 03 035 0359 55 5 04 </s> </s> 238 149 047T 06 99 03 027 07 5 </s> T27T 2 1 2 86 24 014T 0T 059 0259 059
75 5 57 7 93 E147 E158 147 937 547T 059 0579 059 09 938 35 57 07E 07 734 </s> 4 847 759 5 747 0479 0479T 047T T </s> <s> 07 79 059 547 07 079 09 93 3 9 66 04 4 3 04 23T T E
48 39 45 89 059 98 08T 08 147 E158 147 0 159 059E 059 079 525 </s> 09 0T T E T 7 09 0 T3 21T 07T 02T 025T 02T 05T 045T 047T 4368 0 0259 059 04579T 047T 0257 047 07 7 9 19 229 027 E38
84 024 04 0T 07T 547 438 357 52 07 049 09 059 059E 637 0257 7 317 029 02 027 02E 024E 049 9 6369 639 37 0 1 1 </s> 0 89 93 39 27 T5 0 53 75 059 057T 09T 02T 04T 437 758 08 028E
03T 03 48E 0 84T 0T T 2 T 2 2 98 038 0138 038 0358 0138 038T 8 438 8 </s> 1 29 36 99 27 2 2 1 </s> 0249 029 029T 02T 0T 456 69 E8 538 7158 438 8 339 3 T T T 248 137
39 T9 T </s> 047 04 T46T E4 0 014 025 047 0457 045 057 047 0247 0257 07 04 4 5 93 037 21T 19 2 T </s> T7 747 E58 0 74 22T T245 047 E 1 438 03 038 </s> T359 05 045 54 047 547 04
<s> 059T 0579T 0569T 056T T278 86 84T 049 88 447 045 0245 E135 03 0 04 047 0479 0 535 0357 057T 547 438 127 07 05 06T 016T 0148 048T 04T 04 0 09 438 03 039 0359 T4 024 04 48 825 2 E1 14 2T T24
2237E 037 047T 7359 54 4 849 7 5 T E 5 03 54 046 0467 047 0479 0467 047 0 9 3479 047 7 53 </s> 058 849 937 2359 T47 54 0 758E 058 04T T6 E17 0 1 2 89 45 058 </s> 03 034 4 3
