0 T 9 847 0457 047 0457 047 047E 0247 047 0467 047 0347 047 0457 0467 6 6467 6 6467 047 0479 047 0467 047 047T 047 525T 057T 047T 025T 024T 059
0 8368 137 0357 037 0357 037 03 038 03T 0 018T 08 84 148 0 0368 0369 9 4378 037 0367 037 213 19 259
0 047E 0259 0 E 159E 05E 047 7 547 4 847 04 0 79
025 23 T25 23 T25 23 T25 23 T25 23 T59 54 925
049 04E 047 04 759 54 48 038 08 89 0 437
03 037 34 45 57 7 E 66 2T T 24 79 9 84 7 559 047 059 047 059 047 026 047 059 0 047 0 547 43 05 3259 02 6369 09 0369 069 0369 03 0369 03 T58E 05 058E 839 9 259 9 E 09 0
0 E T T 747 9 8
03 39 68 84 53 037 39 9 59 36 6 66 036 0369 03 1258 02 0258 03 037 0
0 8 T 2 T 93 02 03 78T 08E E 949 48 0 537 07 03 07 03 07 2 4 9 4 53 07 03 07 7 5 03 3 4 35 5 48 35 5 4 3 54 239T 2368 147 4 837 E368 137 747
0369 03689 0369 6 6369 6 7368 038 35 9368 0568 0368 26 15 T59 5 759 T47 057 047 07
