069 63 669 049 158 0368 036 15 047 759 05 059 09 059 09 049T 04T 047T 04T 0245T 027T 045T 04T 045T 05T 045T 04T 047T 739 0359 T37 07 037 037T 037 0379 T59 047T 04T 049T 047T 049T 54 047 04 047 04 047 07 047 07 047 04 047 07 04 07 04 047 07 0
0 04 05 04 02 04
04 047 04 047 04 047 049 04 047 04 047 04 047 04 047 07 047 07 047 07 04 047 07 047 07 04 047 07 7 57 047 04 047 7 09 0 T2 0 0E 0 02 0 0E 0 93 0 07 03 0 03 0 07 0 03 0 07 0 03 0 07 0 03 037 07 0 03 037 07 07T 0 037 03 0359 035 0359 05 059 0359 059 T4 047 07 04 047 04 937 03 849 E39 09 149 E3 T3 T4 
04 047 04 047 04 047 0 047 0 047 04 047 07T 07 07T 047 04T 047 07T 04T 07 04 045 5 037 758 078 08 058 08 058 047 058 07T 047 017 07T 047 058 07 04 047 07T 078 07 04 047 07 04 047 07 04 047 04 047 07 047 04 047 07 047 04 047 04 047 04 047 07 047 07 047 07 047 04 047 759 547 07 047 07 75 93 39 0 547 
0 2 1 1 647 0479 047
047 07 0 05 058 T7 047 07 047 88 068 137 038 07 027 0 02 03 07 0E 07 0 03 07 0 03 0 07 0 03 T59 02 0 069 06 069 0689 09 03E 0E 069 049 04 049 E 05 T379 0379 T49 04 049 0249 0249 049 0479 049 0249 0249 0249 049 0249 049 0249 0249 0249 2 2 12 024 04 2 02 21 12 22 02 2 T2
0 1 8
0 9 T T T E T 236T 038 036T 147 23 2 01 013 03 013 03 013 03 03T 038 127 E38 T5 0 T47 046 259 0579 E68 068 038 0368 08 038 147 07 057 7 93 05 03 0 08 0 07 03 03T 038 03T 038 03 03T 03 03T 038 037 035 035 03 035 036 T58 E369 147 047E T E T T E T T E 3 T E 6 E T 2 3 E T T E 1 2 2 1 E T T E 1 2 9 1 7 
0 2 1
0 E T
